displacement_mm,force_kN
0.0,-4.260705
0.2032,0.558157425
0.254,2.573621749
0.2794,4.232659421
0.3302,6.990547144
0.3556,8.832172391
0.4572,12.96044596
0.4826,14.70864747
0.5334,17.56010961
0.6096,20.49161475
0.6604,23.53020768
0.7366,25.99451139
0.8128,30.2295392
0.8509,32.06433086
0.9525,36.56206359
1.0795,40.4861302
1.1176,43.8110514
1.1811,46.10042338
1.2319,47.09278071
1.2827,49.7567576
1.3462,52.23703496
1.397,54.43399322
1.4605,57.92944358
1.5621,61.30989493
1.6383,64.70777603
1.7272,68.09653532
1.8034,71.39854166
1.8796,73.49441714
1.9304,74.30396444
1.9685,76.14319248
2.0193,78.89993533
2.032,78.52159985
2.0193,77.22869381
1.9939,75.20135875
1.9431,72.81246418
1.8796,68.57406784
1.778,63.70807588
1.7145,59.19093248
1.6129,53.67448475
1.5113,49.45885516
1.397,43.94427983
1.2827,38.89725104
1.2192,35.49516927
1.1049,30.26243646
1.0287,27.33000714
0.9271,21.44450452
0.8255,17.78459718
0.7366,13.92890688
0.6477,9.148829944
0.5461,5.670339236
0.4572,0.703310394
0.3556,-4.163154069
0.2667,-6.901830193
0.2032,-11.23231869
0.127,-14.2572658
0.0635,-18.30743994
-0.0254,-21.32606537
-0.1016,-25.5564064
-0.2286,-31.15290202
-0.3302,-35.37461578
-0.4445,-41.44010116
-0.5842,-47.7723854
-0.7366,-54.56525228
-0.8636,-60.44195641
-0.9652,-64.37945269
-1.0922,-70.44199115
-1.2319,-76.77539571
-1.397,-83.37387572
-1.5494,-86.63565443
-1.6637,-89.9219522
-1.7272,-90.90776282
-1.7018,-90.8218638
-1.7272,-91.28178422
-1.7399,-91.55208993
-1.7653,-92.84105549
-1.8034,-93.65804345
-1.8161,-94.02135083
-1.8669,-95.93596844
-1.9177,-97.2166661
-1.9304,-97.39610493
-1.9431,-97.11139822
-1.9177,-95.07982914
-1.9177,-93.96795414
-1.8542,-91.31103543
-1.8161,-89.19306922
-1.7526,-85.78852131
-1.7272,-83.29873965
-1.6637,-80.26601609
-1.5494,-74.66532826
-1.4859,-70.60992431
-1.397,-65.64292073
-1.27,-60.13898826
-1.2192,-57.56504211
-1.1303,-53.98914537
-1.1049,-50.84893907
-0.9652,-45.62867261
-0.8382,-40.40166595
-0.6985,-32.49003355
-0.5969,-29.01593831
-0.4572,-23.51915787
-0.3048,-17.37545653
-0.2286,-14.91106431
-0.1651,-10.48678427
-0.0635,-6.73198506
0.0,-4.260705
0.0635,-0.855410135
0.1524,2.905824871
0.2286,5.926509899
0.3429,10.32386745
0.4572,14.81511173
0.5969,21.70364967
0.6604,24.36633991
0.7874,29.12598725
0.889,32.41453279
0.9779,36.36084758
1.0795,41.50620124
1.1557,44.53447197
1.2319,46.9064527
1.3208,51.04109776
1.397,53.87981248
1.4859,56.71036604
1.5494,59.18338062
1.6383,63.68629202
1.7145,66.2448854
1.778,69.27634588
1.8542,71.93259302
1.8415,73.23754733
1.8923,74.69761711
1.9304,75.0479111
1.9431,74.57664956
1.9812,76.41365385
1.9685,75.95689115
1.9685,75.58206475
1.9304,73.55977316
1.8669,68.58247806
1.7907,65.74339865
1.6891,60.59690286
1.6129,56.08645295
1.5113,51.31327586
1.3716,44.60613899
1.2827,40.20101165
1.1938,37.08770561
1.0922,31.6604774
0.9525,26.07172933
0.8382,19.91203612
0.6985,14.97194748
0.5842,9.92416084
0.4826,5.889679262
0.3556,0.199620029
0.254,-4.297734351
0.1651,-7.405465538
0.0635,-12.36553191
0.0,-15.1215
-0.1143,-20.25744498
-0.254,-27.33720586
-0.381,-32.55995804
-0.508,-37.41740857
-0.6604,-43.74426063
-0.7874,-48.50463514
-0.8636,-51.6231065
-0.9525,-56.03417703
-0.9906,-57.03209374
-1.0541,-60.62021666
-1.2192,-66.2898096
-1.3208,-70.60198552
-1.4478,-76.94422281
-1.5748,-81.89122598
-1.651,-87.41988655
-1.7907,-90.03986432
-1.8796,-93.89461931
-1.905,-94.06860107
-1.8923,-94.53647807
-1.8796,-92.13317804
-1.8161,-87.5221746
-1.778,-85.777238
-1.6891,-81.83307937
-1.5875,-76.31237983
-1.5494,-74.75638193
-1.4859,-71.07821492
-1.397,-66.10973033
-1.2954,-61.70590922
-1.1811,-56.84098022
-1.0287,-50.79592043
-0.9144,-44.26318915
-0.7747,-38.29911611
-0.6604,-33.34534162
-0.508,-27.66912723
-0.381,-20.30733481
-0.2286,-14.07438727
-0.1016,-8.847315239
-0.0254,-4.710196035
0.1016,-0.599174894
0.2159,4.354237393
0.2794,6.643379741
0.4064,11.40788153
0.5334,17.65438105
0.6858,24.25970976
0.8255,29.5695342
0.9271,33.69818181
1.0287,38.10288707
1.1557,43.41843856
1.27,47.62945164
1.3843,52.3064293
1.5621,59.91841895
1.7272,66.23856995
1.8415,71.28463674
1.905,73.20634812
1.9558,75.68100828
1.9431,76.3398209
1.9812,76.13666355
1.9812,75.76207286
1.9558,74.66351813
1.9304,72.54397305
1.8542,68.12366062
1.7907,64.44359898
1.7526,63.25770869
1.6891,59.57842536
1.5875,54.70603345
1.4986,50.75951764
1.4097,45.79520924
1.3208,42.59051508
1.2446,38.45302763
1.1049,32.0283746
0.9906,27.0743595
0.9144,23.76876402
0.8128,18.90165618
0.7112,15.33394507
0.6096,10.18706457
0.508,7.0862907
0.3937,2.501968388
0.3429,-2.115185102
0.2286,-5.396652983
0.1397,-8.695595003
0.0381,-14.86090496
-0.1016,-19.80141834
-0.2032,-24.57463145
-0.3683,-30.71201867
-0.4572,-34.93577429
-0.5969,-40.343196
-0.6858,-44.47411539
-0.8128,-49.14020957
-0.9525,-55.19732654
-1.0922,-60.69403626
-1.2065,-65.6462519
-1.3716,-72.34022863
-1.524,-77.74134824
-1.6256,-82.88460179
-1.7526,-88.94580156
-1.8542,-91.7726459
-1.8542,-92.05237586
-1.8542,-91.68017793
-1.8034,-87.99170607
-1.7526,-84.95283161
-1.6764,-80.90902674
-1.5748,-75.01964279
-1.524,-72.63600517
-1.4478,-70.35321016
-1.4097,-67.3090076
-1.3843,-65.55744867
-1.3208,-63.17765813
-1.2573,-59.31018329
-1.1557,-55.18637679
-1.0795,-50.95595482
-0.9779,-46.92142298
-0.8128,-40.60151926
-0.6604,-33.90211124
-0.5461,-28.20520086
-0.4064,-22.80252863
-0.2667,-16.55863179
-0.1524,-11.79210239
-0.0508,-6.645145399
0.0,-5.2791825
0.0127,-4.729775709
0.0127,-3.150943763
0.0254,-2.228031831
0.0381,-1.958789031
0.0762,-0.862145518
0.0762,0.249614368
0.127,2.451672144
0.1778,4.560294382
0.2159,7.978515683
0.3048,10.71632152
0.3556,12.82499824
0.4191,15.57660334
0.4572,17.87759974
0.5207,20.16731595
0.5842,24.9607892
0.635,25.86334617
0.7112,28.51392007
0.762,29.325193
0.8001,32.27576679
0.9017,35.6565179
0.9525,36.46591265
0.9652,38.0383236
1.0541,42.26061421
1.1176,44.64506795
1.1684,46.66156001
1.2446,49.86553456
1.3208,52.79749112
1.4097,56.74674659
1.4732,59.21621207
1.5621,62.4211117
1.6002,64.62998036
1.6891,69.50480951
1.7526,70.21253573
1.7907,72.42280981
1.8923,75.53040704
1.9431,77.16934637
1.9685,78.54903203
2.0066,80.01178809
2.0574,83.51389636
2.1717,85.03090748
2.2352,86.86209444
2.3495,90.78569228
2.4003,93.28190948
2.4765,94.53211952
2.5908,97.81439675
2.6797,99.99397863
2.7813,102.0737542
2.8321,104.3693758
2.9083,107.0272551
2.921,107.1114685
2.9083,105.8186337
2.9337,105.5286478
2.921,105.3506321
2.9464,104.5006348
2.9337,104.9726925
2.921,104.3240335
2.8829,101.2867913
2.8448,99.5404715
2.7813,95.865947
2.7432,94.67442617
2.7305,93.55951353
2.6924,91.44516758
2.6797,89.1338552
2.6289,88.23208455
2.5781,85.01086259
2.5273,82.71139391
2.4511,79.69522838
2.4003,77.95384979
2.3241,73.3524485
2.2479,70.60598827
2.1463,66.57576161
2.0701,62.9017975
1.9558,59.89783592
1.8923,57.42106764
1.8161,53.56631265
1.6764,49.08823164
1.6002,45.78753286
1.4859,41.57010203
1.397,39.39488671
1.2954,33.96771943
1.1811,31.79799544
1.143,30.05749744
1.0541,26.75981407
0.9779,23.45803543
0.9144,21.81857396
0.9017,21.54528176
0.8763,19.98276382
0.7747,16.04207335
0.6858,13.11760149
0.5842,8.437153447
0.4953,4.302734542
0.4064,1.377389015
0.2921,-2.92670108
0.1651,-6.569626849
0.0762,-10.88687736
-0.0254,-14.4590551
-0.1397,-18.48265543
-0.2286,-22.79940427
-0.2921,-25.83134952
-0.4191,-30.12919159
-0.4318,-30.02794247
-0.5207,-33.32321753
-0.6223,-38.0076781
-0.6858,-37.69267102
-0.7874,-43.95157595
-0.9398,-48.97872974
-1.016,-51.54223761
-1.1049,-55.39567614
-1.1938,-59.15334221
-1.3335,-65.39445224
-1.3843,-66.85655897
-1.6129,-74.34705182
-1.7018,-79.86852522
-1.8542,-84.98439107
-1.9431,-88.19787438
-2.0701,-92.21185877
-2.2352,-98.44196124
-2.3749,-103.0088055
-2.5019,-107.9517214
-2.6797,-112.5051297
-2.8829,-118.0576733
-3.048,-120.7626784
-3.2004,-125.4225421
-3.302,-126.480758
-3.3147,-126.2009435
-3.3274,-124.7960583
-3.2639,-120.6466209
-3.1877,-116.7031027
-3.0353,-108.5167629
-2.794,-98.70696108
-2.54,-89.18227514
-2.286,-79.56489884
-2.0701,-70.77357896
-1.8161,-61.15419685
-1.5621,-52.83752751
-1.3081,-43.96325153
-1.0795,-35.07593547
-0.8128,-27.41677653
-0.5969,-18.43375961
-0.381,-11.11760299
-0.1651,-3.89494598
-0.0127,2.337049662
0.1778,9.852931014
0.4064,17.06837267
0.635,25.48847662
0.889,34.63926302
1.1176,43.34209589
1.2573,46.61132549
1.4986,56.32591079
1.778,64.53614701
2.0193,72.95324979
2.2733,83.21987213
2.54,91.52771318
2.794,100.7727225
3.0099,107.4402544
3.0226,106.0347777
3.0226,106.5015028
2.8575,95.91327285
2.6035,86.29444223
2.3622,75.74745393
2.1209,66.30844907
1.8669,56.78581787
1.6129,46.9862364
1.3462,38.11716221
1.1049,28.77433499
0.8763,20.07171382
0.635,11.75030834
0.3937,4.172692844
0.2159,-2.512973905
0.0762,-8.289547148
-0.1397,-15.9746875
-0.1778,-18.27631722
-0.6223,-34.66222013
-0.8636,-41.40914567
-1.0922,-50.57335863
-1.3462,-58.7034509
-1.5875,-66.93305597
-1.8415,-75.15497577
-2.1209,-84.29572683
-2.3495,-92.43984651
-2.6289,-101.5788719
-2.8829,-108.7873533
-3.0861,-116.2883333
-3.302,-123.4150473
-3.3274,-123.3130928
-3.3274,-122.0137468
-3.3274,-123.0312236
-3.1496,-113.0063185
-2.8829,-102.3785858
-2.7051,-92.25177508
-2.4892,-85.86819383
-2.2479,-75.96691582
-1.9939,-65.9791117
-1.7272,-58.69701092
-1.4859,-50.64950428
-1.2319,-42.70614786
-0.9906,-33.72890024
-0.762,-24.56607758
-0.5207,-16.33749453
-0.3175,-9.108726392
-0.127,-3.078593968
0.0381,3.889673469
0.2413,10.5625879
0.4826,19.3512295
0.508,19.70676087
0.6096,22.99847036
0.8763,32.41863561
1.1049,41.3988377
1.3716,49.70600718
1.4605,58.38573929
1.8669,67.55882812
2.1209,75.41016887
2.3876,85.66979975
2.667,93.78429463
2.8956,103.5039768
2.9845,102.4395344
2.9845,102.435029
2.9591,102.9159506
2.8321,96.01696187
2.5908,85.00625498
2.3622,73.42525852
2.0955,64.3767575
1.8415,55.40826257
1.6002,45.78571828
1.3462,38.21090172
1.0922,27.66777341
0.8255,19.82246569
0.6096,11.95095775
0.3937,4.634985697
0.2159,-2.976030526
0.0381,-8.269791353
-0.1397,-16.90375779
-0.2159,-18.16312746
-0.6223,-33.55050123
-0.8763,-41.77172811
-1.1176,-49.81624736
-1.3589,-58.41547972
-1.6129,-67.57109432
-1.8923,-74.29487819
-2.159,-83.16281071
-2.413,-91.94061019
-2.667,-100.6293262
-2.921,-108.8563651
-3.1496,-117.5513655
-3.2639,-119.7223592
-3.2766,-119.7182586
-3.2639,-117.2119189
-3.1877,-113.7321727
-2.9464,-102.9032263
-2.7051,-93.0947142
-2.4638,-83.37761606
-2.1971,-74.97164982
-1.9431,-65.63599597
-1.7018,-56.84933707
-1.4478,-48.99675991
-1.1811,-40.50204869
-0.9525,-32.4495782
-0.7239,-23.65512106
-0.4953,-15.69716839
-0.2794,-8.199338061
-0.127,-4.470789779
0.1651,8.187157693
0.381,17.08179567
0.6096,25.50264502
0.8255,33.92931482
1.1049,43.16561064
1.3716,51.84321773
1.6002,60.1753955
1.8669,69.50918585
2.1463,77.99330356
2.413,86.58199089
2.667,95.63990726
2.9337,104.5987556
3.175,112.8282628
3.4671,121.6825637
3.7465,126.1802805
4.0259,131.7008955
4.318,137.3913961
4.6101,143.5562404
4.8895,149.2676043
5.1943,153.6491256
5.4991,158.2248159
5.7912,163.6500321
6.096,168.5920674
6.4135,173.8042928
6.7183,178.5772119
6.7691,176.5942184
6.7818,175.5810824
6.6802,170.7070405
6.4262,162.0215399
6.1722,152.4031852
5.8928,144.1063517
5.715,135.541712
5.6515,133.538309
5.4102,123.9020219
5.1562,115.0434202
4.8895,110.3575965
4.6228,101.1156515
4.3434,93.09564373
4.2799,94.06176081
3.81,78.70797678
3.5306,72.54841166
3.2512,65.34972818
2.9718,57.60191633
2.6924,50.5011846
2.413,42.57751549
2.1463,36.58639765
1.8542,27.08402881
1.6002,20.62520609
1.3208,12.7851184
1.0922,7.056408837
0.8636,-0.065526401
0.6604,-5.806912621
0.4572,-10.71566507
0.2286,-17.0007551
-0.0254,-24.85282436
-0.2921,-33.16487274
-0.5588,-39.70767094
-0.8001,-46.82698032
-1.0922,-52.89317018
-1.3081,-62.80846226
-1.5748,-71.29647154
-1.8415,-78.58845467
-2.1336,-85.49552001
-2.3622,-93.91666112
-2.6289,-103.0616996
-2.8829,-110.5468421
-3.1369,-118.3058083
-3.3909,-126.151852
-3.683,-133.249257
-3.937,-139.7972757
-4.2164,-145.051103
-4.4831,-151.3117643
-4.7625,-156.2687654
-5.0165,-163.2046906
-5.2959,-167.423976
-5.5753,-172.3846152
-5.8547,-178.0819205
-6.1595,-182.5703865
-6.4262,-187.8182363
-6.7183,-192.0333811
-6.9723,-194.5934466
-6.9977,-191.8852438
-7.0104,-192.8020426
-7.0104,-191.3201178
-6.7945,-181.985727
-6.5659,-173.7170373
-6.3246,-164.5637309
-6.0579,-157.0696356
-5.842,-148.0144233
-5.5372,-132.3847431
-5.1435,-122.6671913
-4.9403,-116.256974
-4.7117,-108.3097273
-4.4577,-101.4867909
-4.191,-93.62717335
-3.937,-87.08060901
-3.6576,-80.26719912
-3.3909,-72.87873193
-3.0353,-65.72941126
-2.8194,-58.50937979
-2.54,-50.85634416
-2.2606,-44.21921849
-1.9812,-37.02929971
-1.7145,-31.04335075
-1.4351,-23.9377579
-1.1811,-15.99706999
-0.9398,-10.08676633
-0.7239,-5.279783357
-0.5334,1.032049936
-0.3048,6.575749277
-0.0508,11.91898156
0.1905,18.85173211
0.4572,25.48865319
0.7239,32.7767621
0.9906,38.7635543
1.2954,45.75429224
1.5875,53.21457322
1.8796,59.64732158
2.1463,65.83140578
2.4638,73.1744462
2.7305,79.71919151
3.0353,85.60679201
3.3147,93.33934449
3.5814,100.077814
3.8862,106.6908284
4.1656,113.6984607
4.4323,120.7056926
4.7117,126.5850964
4.9911,131.6528669
5.2578,139.4102498
5.5499,145.0927672
5.8166,151.6356223
6.096,158.1922825
6.3881,164.164768
6.6802,169.3879609
6.7564,170.8457091
6.7437,170.938902
6.731,170.2137638
6.7564,167.9630753
6.5405,161.3905064
6.2611,151.9762563
6.0325,142.1690741
5.7404,135.0789763
5.4864,127.6001004
5.4356,125.4939867
4.9403,112.9316761
4.6736,106.7624554
4.4069,98.35132119
4.1275,91.89783413
3.8354,84.73152401
3.5687,77.62414327
3.2766,70.99820885
3.0099,64.17487658
2.7178,57.55059218
2.4257,49.62637914
2.1717,43.5324431
1.8542,36.27537552
1.5748,29.08882305
1.3081,21.7051636
1.0287,15.07352126
0.7747,9.542717444
0.5461,2.513694266
0.3175,-2.846432689
0.127,-8.129201431
-0.1016,-13.67671228
-0.3429,-20.13863802
-0.6223,-26.0289177
-0.8509,-34.44953578
-1.1557,-40.88519637
-1.4097,-47.80905503
-1.7018,-54.62350119
-1.9685,-61.16621844
-2.2606,-67.51769319
-2.54,-75.07324406
-2.8321,-82.26156486
-3.0861,-88.25401962
-3.3782,-94.89215354
-3.6449,-102.4509778
-3.9243,-108.8067488
-4.1783,-116.0130597
-4.4704,-121.8806954
-4.7117,-129.9423673
-4.9784,-135.1835015
-5.2324,-141.8372506
-5.4864,-148.7501066
-5.7404,-156.1607801
-5.9944,-161.304385
-6.2484,-169.543192
-6.5278,-175.3361319
-6.8199,-182.1405045
-6.9088,-183.3892246
-6.9469,-184.6682544
-6.9342,-183.388344
-6.9342,-182.8209853
-6.7056,-172.1729365
-6.4516,-160.2464715
-6.2103,-154.4127925
-5.969,-146.8333808
-5.715,-138.9825471
-5.4864,-131.2960262
-5.2451,-125.383324
-4.9657,-118.4676439
-4.699,-110.8110369
-4.4577,-104.0628274
-4.1402,-98.56554392
-3.6703,-83.12711952
-3.3909,-76.67852471
-3.1242,-67.90480359
-2.8448,-61.82244707
-2.54,-55.39878494
-2.2733,-48.01030886
-1.9939,-41.2883489
-1.7272,-34.28067266
-1.4351,-28.20909554
-1.1811,-21.1023499
-0.9271,-14.64171171
-0.6731,-8.551278965
-0.4953,-2.519288732
-0.2921,5.825477375
-0.0508,8.022926639
0.1905,14.85845217
0.4699,21.02482419
0.7239,27.02251722
0.9779,35.52484166
1.2573,42.6203249
1.5748,48.76623264
1.8288,55.79692514
2.1463,62.39457791
2.4257,69.02698345
2.7178,76.02756193
3.0099,81.44754783
3.302,88.53747659
3.5814,97.11319056
3.8608,102.3512515
4.1402,108.8023725
4.4196,114.3990709
4.6863,121.3256252
4.9784,127.7571727
5.2578,134.8562945
5.5372,140.6544068
5.8039,148.2218992
6.0833,154.7531553
6.3754,159.8889103
6.6421,167.7407981
6.8453,171.9886854
6.858,170.1299106
6.858,169.9310362
6.858,169.8420862
6.8453,168.3710044
6.5913,158.9494382
6.3373,150.9097725
6.0452,141.492596
5.8039,134.4741074
5.5245,126.4563902
5.2705,118.1324936
4.9657,113.7590178
4.7117,106.4584021
4.445,98.33713811
4.1783,92.34782774
3.8989,85.06926272
3.6068,78.5416892
3.3274,70.79091087
3.0353,64.26045983
2.7305,57.92277233
2.4638,50.63007315
2.3876,49.8398369
1.8796,36.45067373
1.6129,30.18217065
1.3208,23.09396664
1.0414,15.90517263
0.8001,9.156854568
0.5588,2.784456999
0.3175,-2.009703166
0.1397,-7.48610316
-0.0762,-13.69005522
-0.3302,-20.23848662
-0.6096,-26.31638497
-0.8636,-33.42501725
-1.1303,-39.50410753
-1.4097,-46.51251539
-1.6764,-54.53939452
-1.9558,-59.96406364
-2.2479,-67.06084154
-2.5527,-74.13934912
-2.8321,-79.84782211
-3.0988,-86.85654841
-3.3782,-94.13071485
-3.6576,-100.1191357
-3.937,-106.9356944
-4.2164,-112.7377606
-4.4577,-118.7362951
-4.7117,-126.7763477
-4.9911,-132.0199147
-5.2451,-139.3124093
-5.4864,-146.3395438
-5.7531,-152.3334529
-6.0198,-160.7384584
-6.2484,-166.3718487
-6.5278,-172.549533
-6.7183,-179.6913463
-6.9596,-182.1734649
-6.9342,-181.8051274
-6.9596,-181.147102
-6.8961,-177.6597905
-6.6548,-168.4070914
-6.4008,-161.0128514
-6.1849,-152.6788946
-5.9055,-144.8269668
-5.6769,-138.0826755
-5.4229,-129.4871657
-5.1689,-122.7495145
-4.9022,-115.6384201
-4.6609,-108.7182391
-4.3942,-101.9791425
-4.1402,-95.14093334
-3.8608,-88.32360521
-3.5814,-81.964672
-3.3274,-74.2000397
-3.0353,-68.41824078
-2.7559,-61.68859511
-2.4638,-54.69383396
-2.2098,-47.30550908
-1.905,-41.14974924
-1.6383,-34.41556133
-1.3716,-27.40899474
-1.1049,-21.14089238
-1.0414,-18.85170186
-0.6096,-7.750025371
-0.4064,-2.748829188
-0.2032,3.365674756
0.0127,4.645500476
0.4318,19.09618049
0.9652,33.30131537
1.524,48.32845187
2.0955,61.12234385
2.7051,73.79826145
3.2893,88.53722308
3.8354,101.9892517
4.4196,113.8406428
4.9784,126.7258064
5.5245,140.0982069
6.0706,153.0932326
6.6294,166.0855854
7.0358,174.5075938
7.0485,172.3573565
7.493,184.1110983
8.1153,194.5579378
8.6995,204.0908872
9.3345,212.6744777
9.9822,219.1242333
10.6045,223.9051357
11.2522,231.896675
11.7475,235.8595309
12.4333,242.2615337
13.1191,247.5909329
13.6144,249.6705128
13.6271,247.4083586
13.1572,230.6895924
12.5857,215.1779621
12.0396,202.6335171
11.4935,189.326179
11.2395,185.1806553
11.2268,185.6004326
11.2522,182.7153527
10.7823,168.6468072
10.2743,156.6426089
9.7409,145.2188627
9.1694,132.2621389
8.5725,120.4997911
7.9502,108.8425556
7.3787,97.1694292
6.7818,85.60335854
6.1722,74.40228087
5.5753,66.08622974
4.9784,52.00516454
4.3942,40.53011687
3.7973,29.42269465
3.2004,17.66630391
2.6416,6.810072931
2.1336,-3.501922318
1.6637,-12.17407015
1.1049,-23.30207228
0.5207,-35.06968451
-0.0762,-44.78690318
-0.635,-56.38356818
-1.2192,-68.05309214
-1.8034,-79.25971139
-2.3876,-91.86406427
-2.9845,-103.4404798
-3.2893,-111.3608502
-4.1148,-127.821279
-4.6355,-140.4410869
-5.1562,-151.421324
-5.6769,-164.5153555
-6.223,-176.1196257
-6.7564,-188.746096
-7.3406,-199.2927196
-7.9375,-208.904114
-8.5598,-216.8716768
-8.7884,-216.1151793
-8.8519,-215.3240981
-9.4234,-225.4125624
-10.033,-232.0839014
-10.6172,-240.1293044
-11.2268,-246.7931004
-11.8491,-252.3057988
-12.4841,-258.0114788
-13.1318,-264.9438104
-13.7668,-270.6176996
-13.9954,-269.0457352
-13.7541,-258.177713
-13.2207,-241.3886674
-12.6873,-228.4171912
-12.1666,-214.9527896
-11.6459,-202.4770807
-11.0236,-187.3219087
-10.9601,-182.4327897
-10.4013,-169.5112723
-9.8933,-156.3327294
-9.3218,-143.8251674
-8.7503,-132.5192844
-8.1661,-120.3606644
-7.5946,-108.7928148
-7.0231,-97.18973204
-6.4643,-85.76725337
-5.9055,-76.30691385
-5.3467,-65.09208006
-4.7879,-55.35049844
-4.2037,-46.17273083
-3.8481,-37.53295195
-3.0099,-23.58870609
-2.4257,-12.27892441
-1.9177,-3.26550149
-1.4351,4.471405757
-0.889,14.02779704
-0.3429,23.95437243
0.2286,34.70465862
0.8763,43.46187551
1.4986,53.539979
1.9304,60.36585079
2.5654,71.82616879
3.1877,80.78421655
3.8354,90.47622634
4.4577,99.8912147
5.08,108.5829595
5.6896,117.8297212
6.3246,127.6922259
6.9342,136.7769696
7.5692,146.9216637
8.2296,156.6258374
8.8265,167.2576084
9.4107,175.9724446
9.9949,185.4038531
10.5156,194.8022612
11.0998,204.3264446
11.6713,213.3934472
12.2809,222.7413139
12.9032,231.7001844
13.5128,238.7346306
13.6779,238.7460029
13.5509,232.4972921
12.9794,216.5433313
12.4333,203.8865201
11.8491,191.1317661
11.2903,179.0640086
10.7315,167.7427595
10.1981,156.5965773
9.6266,145.7576062
9.0424,134.7226426
8.4455,123.222644
7.8232,112.1362051
7.1882,101.3460498
6.5913,90.61464588
5.9817,80.06075507
5.3721,69.98407655
4.7752,60.1900589
4.1656,49.45853049
3.5433,39.6679263
2.9464,28.47154429
2.3241,16.26098108
1.7653,6.616605791
1.2446,-3.325856422
0.7747,-11.06460925
0.2286,-21.45704959
-0.3937,-31.81027543
-0.9779,-41.44010294
-1.5748,-51.15820933
-2.2225,-60.84365461
-2.8321,-70.37143157
-3.4417,-80.73097553
-3.7973,-86.39610763
-4.6355,-100.0878876
-5.2324,-109.4263256
-5.8039,-117.9552474
-6.3754,-127.9624916
-6.9469,-138.0607938
-7.5438,-147.6800292
-8.1661,-157.4805046
-8.7503,-168.0462213
-9.3599,-177.1045913
-9.9314,-188.0094655
-10.4902,-198.7905079
-11.049,-207.6900622
-11.5951,-218.6507969
-12.1539,-227.9243681
-12.7254,-237.9245052
-13.2969,-247.3533564
-13.8938,-256.5649872
-13.9192,-255.8780131
-13.6906,-245.6982104
-13.1699,-233.2283054
-12.6365,-216.9045572
-12.0904,-204.8404288
-11.5443,-193.5349594
-11.0109,-181.4688519
-10.4775,-169.9626001
-9.9187,-158.2651459
-9.3472,-146.4116111
-8.7376,-135.5703851
-8.1661,-124.9309777
-7.5946,-112.5763431
-7.0104,-102.3900959
-6.4262,-92.66480551
-5.8801,-82.35823572
-5.3086,-72.81120998
-4.7117,-63.2784963
-4.1275,-53.92572402
-3.5179,-43.18927756
-2.9337,-33.36817597
-2.3241,-22.45516777
-1.7526,-12.2626043
-1.2319,-2.968236683
-0.8001,6.276621546
-0.2286,15.07563427
0.3429,25.17707513
0.9271,36.84464129
1.5494,46.92399809
2.1844,56.51664183
2.8194,66.30754178
3.4544,76.65600257
4.0894,85.32759575
4.7117,94.19398943
5.3467,103.2425483
5.969,112.7506139
6.5786,121.8094287
7.2263,131.9532689
7.8613,140.1690956
8.4455,149.999227
9.1059,160.0405434
9.7028,169.3899889
10.287,178.731171
10.6172,185.722094
11.4173,198.4798812
12.0269,208.0366914
12.6238,217.5509658
13.2334,227.4759489
13.6779,233.373792
13.9065,231.5669685
13.2842,218.8237513
12.7127,205.6793163
12.1285,192.9074617
11.557,180.9551523
11.0109,169.3419337
10.4521,158.8636015
9.8806,148.0285041
9.3091,136.6435712
8.6995,127.094215
8.0772,114.8157038
7.4549,103.9842979
6.858,93.34395655
6.2357,84.01688637
5.6134,73.674701
5.0038,64.23978785
4.3942,54.81442347
3.7592,44.7615124
3.1496,33.65354047
2.5527,22.64224607
1.9431,11.81669306
1.397,2.075650429
0.9144,-6.032069977
0.4191,-16.54363438
-0.1651,-26.63963772
-0.7747,-36.53639841
-1.3716,-45.69478914
-1.9812,-55.96612139
-2.6162,-65.47570362
-3.2385,-74.43187454
-3.8481,-84.42662565
-4.4704,-93.00557296
-5.0673,-101.8071799
-5.6388,-111.9995824
-6.2103,-119.3232095
-6.7818,-129.1432672
-7.3787,-139.0579189
-7.9756,-148.9483138
-8.5979,-158.8428761
-9.1948,-170.1340023
-9.7917,-178.8320982
-10.3505,-189.9604103
-10.9093,-199.8779128
-11.4427,-209.8196097
-12.0142,-219.3578872
-12.5603,-230.1994823
-13.1445,-240.5018448
-13.7287,-250.704641
-13.8811,-250.9962992
-13.9065,-249.7428914
-13.6144,-242.7666052
-13.1826,-227.2229485
-12.6492,-214.3089784
-12.1158,-206.1442757
-11.5824,-190.6465572
-11.2268,-183.8718139
-10.5156,-167.0470015
-9.9441,-156.0164365
-9.3726,-145.0041241
-8.7757,-132.9622243
-8.1788,-123.4266509
-7.5819,-112.408192
-7.0104,-102.4940829
-6.4262,-92.66961326
-5.842,-82.66105265
-5.2705,-73.30009253
-4.6863,-64.40439872
-4.0894,-55.51394851
-3.4798,-45.43897339
-2.9083,-34.49694124
-2.2733,-24.42838342
-1.6891,-14.42897088
-1.1557,-4.586898882
-0.6858,3.339311666
-0.0254,11.81245015
0.4318,22.71633564
1.6256,45.11884234
2.8448,64.53361638
4.1148,83.45942338
5.3975,100.5145274
6.6167,118.9103347
7.9248,137.0776117
9.1694,157.5991861
10.3378,175.7622869
11.4935,194.8344611
12.6873,214.6532772
13.9192,234.7136681
15.2019,252.3218721
16.5227,267.0967562
17.8054,278.9454966
19.1897,287.0535515
20.6502,292.6406433
22.2123,296.8853284
23.749,299.0960206
25.2349,301.6543071
26.7208,302.5199551
27.5463,297.0797109
26.7589,271.8987842
25.6159,248.5312634
24.384,221.5465153
23.8506,209.9435037
23.2537,199.2664972
22.6187,186.267402
22.0218,178.2084475
21.3868,167.9553233
20.7899,158.4523678
20.2057,149.0135987
19.5961,140.3214358
19.0246,131.3674531
18.4023,122.3310048
17.8054,113.6268426
17.1958,104.5739919
16.5481,96.43658349
15.9004,87.41611952
15.24,79.13209038
14.5923,72.02445168
13.9573,64.4155486
13.2969,57.80874732
12.6492,50.97257068
12.0142,43.89439844
11.4046,37.01097334
10.7442,28.49475758
10.0838,20.60512073
9.398,13.89877818
8.8011,6.220096934
8.4582,1.765214929
7.6327,-6.728565377
7.0866,-12.85367616
6.4389,-19.66501841
5.7912,-27.02064437
5.08,-33.44027884
4.4069,-40.42653103
3.7084,-46.93858144
2.9972,-52.41628255
2.3241,-59.11969687
1.651,-64.43340086
0.9652,-69.55699202
0.3175,-75.15891181
-0.3556,-81.49379738
-1.0287,-87.92247629
-1.7272,-94.61849886
-2.3749,-100.869976
-3.0353,-108.4235655
-3.683,-114.8605835
-4.318,-122.9870866
-4.9022,-130.8532776
-5.4991,-138.24287
-6.1087,-146.8506771
-6.6802,-154.2567475
-7.3025,-164.5176771
-7.8994,-172.939383
-8.5471,-181.5072783
-8.7884,-183.9886764
-9.1186,-188.7232981
-9.7155,-197.5952067
-10.3124,-206.764533
-10.8839,-216.0498856
-11.4554,-225.7737573
-12.0523,-232.5882657
-12.6365,-241.3074293
-13.2334,-249.7278766
-13.7541,-255.1237749
-14.351,-263.5267746
-14.9733,-271.5726757
-15.6083,-278.6442141
-16.2306,-285.0381491
-16.8783,-289.6949662
-17.5133,-293.6531478
-18.161,-298.2849478
-18.8214,-301.7488965
-19.5072,-304.2651719
-20.2184,-307.3969636
-20.9804,-309.4519576
-21.7678,-311.2393545
-22.5425,-312.0685953
-23.3045,-314.2641837
-24.2443,-307.5764691
-24.9301,-312.3263146
-25.6794,-313.9401122
-26.416,-314.7355743
-27.178,-314.7529106
-27.9654,-313.037799
-28.1305,-306.2078088
-27.9273,-295.7812455
-27.5971,-285.7728894
-27.1907,-277.7576805
-26.7462,-266.5232955
-26.1747,-253.1815249
-25.5778,-244.7085171
-25.2857,-239.1781798
-25.4254,-234.7549276
-25.0952,-225.406794
-24.511,-214.5473422
-23.8887,-203.2989831
-23.2664,-191.9961155
-22.6441,-181.9788734
-22.0218,-171.9132736
-21.4249,-162.0111862
-20.8153,-153.1577525
-20.2311,-143.7883999
-19.6342,-135.6326456
-19.0627,-127.2080888
-18.4658,-118.1539928
-17.8562,-110.1422263
-17.2212,-100.914709
-16.5608,-93.06269665
-15.9004,-85.8878918
-15.24,-77.70391808
-14.5923,-70.42994732
-13.9573,-62.86969544
-13.3223,-57.82435805
-12.6746,-52.1988843
-12.0396,-45.09531062
-11.4173,-39.11482185
-10.7188,-31.75466433
-10.1219,-25.21464983
-9.4615,-17.87537021
-8.8138,-11.02177893
-8.2169,-5.202082419
-7.6327,-0.033449925
-7.0866,5.255102846
-6.5024,10.79388058
-5.842,16.3035441
-5.2324,22.40069078
-4.572,28.0869365
-4.1529,30.19614025
-3.5306,34.52069445
-2.8702,39.64755319
-2.1844,44.4908331
-1.4859,48.30960337
-0.8382,53.35881899
-0.1016,58.27046898
0.5969,61.62306119
1.3335,66.43383299
2.0574,70.89162896
2.7559,76.3783496
3.4671,81.48822467
4.191,85.28381012
4.8768,89.57872973
5.5753,95.06622869
6.2738,99.71210053
6.9723,104.4641742
7.6835,109.9356577
8.3947,115.6697038
9.0805,123.0361025
9.7536,128.0888939
10.4267,133.8507414
10.9728,138.2122223
11.6332,144.9252121
12.2682,151.4768866
12.9032,157.1755439
13.5763,163.1635156
14.2367,169.4983256
14.9098,175.9135997
15.5956,182.7175053
16.2687,189.1553594
16.6624,193.5744132
17.6022,201.7030156
18.2245,208.6347245
18.8722,214.0877731
19.5199,219.8529028
20.193,225.6313928
20.955,227.6628596
21.6408,233.5005636
22.352,238.0848242
23.0505,244.286267
23.7236,249.9461466
24.4348,255.4501547
25.1079,259.7655817
25.7683,264.9036673
26.4541,269.2846416
27.1526,272.8139463
27.5463,273.0729287
27.5463,270.1262998
27.0002,254.997586
26.4287,242.0146219
25.8572,232.4804939
25.2603,221.4238577
24.6888,210.3015363
24.0538,201.2577852
23.4188,191.5794204
22.7711,182.2241264
22.1488,172.8522076
21.5011,163.8568053
20.8788,156.662765
20.8661,156.8726781
20.5613,149.1533614
19.9517,141.0072359
19.6088,135.7764066
18.7452,124.2677443
18.1356,115.5632396
17.5006,104.2975486
16.8656,99.29979059
16.2052,91.72696118
15.5448,84.08024546
14.8844,76.53661388
14.224,70.093574
13.5636,64.48214102
12.9032,59.54489566
12.2301,52.6561718
11.5443,47.41513996
10.8966,40.79399282
10.2362,33.79113322
9.5504,28.03334546
8.8646,22.72021653
8.1788,14.08023618
7.6073,8.906392271
6.8961,4.056855572
6.2738,-1.552154417
5.6515,-6.623594593
5.0419,-11.97313165
4.3561,-16.06667647
3.6703,-22.21836863
2.9591,-27.60482306
2.2606,-33.5534606
1.5748,-38.02562555
0.9017,-43.06468396
0.1905,-47.52204007
-0.4953,-51.52986911
-1.1938,-56.64970658
-1.8923,-61.11605954
-2.6162,-65.65920302
-3.302,-71.80028879
-3.9624,-76.19078963
-4.6609,-81.49094209
-5.3213,-86.07231629
-5.969,-91.22253463
-6.604,-95.72684699
-7.2644,-102.1489391
-7.9248,-107.5592606
-8.5979,-113.3512399
-9.2837,-117.8926133
-9.9695,-124.6838257
-10.6045,-131.7069174
-11.2395,-137.4123216
-11.8618,-143.9558216
-12.4841,-150.9709168
-13.1318,-156.1202145
-13.7795,-162.1898823
-14.4272,-170.0197638
-15.113,-176.9094128
-15.7734,-183.2645033
-16.4338,-190.1518218
-17.0815,-197.2162797
-17.7165,-203.5717216
-18.3515,-209.7958733
-18.9484,-214.565448
-19.5834,-222.8526526
-20.193,-228.5978308
-20.5359,-232.8281149
-21.5265,-241.6341382
-22.225,-248.3507839
-22.9235,-254.6330333
-23.622,-260.7826227
-24.3205,-266.8318186
-25.0063,-271.1779957
-25.6921,-275.9865348
-26.3779,-281.4612428
-27.051,-285.1734154
-27.7495,-288.6938295
-28.1051,-288.7352447
-28.1178,-286.8090502
-27.7368,-274.4410864
-27.1907,-261.4475862
-26.6319,-248.9377026
-26.0477,-238.7576642
-25.4508,-227.9151885
-24.8412,-218.6692718
-24.2443,-207.3819705
-23.5839,-197.5959317
-22.9362,-188.1745122
-22.2885,-179.1453133
-21.6789,-169.5962284
-21.0693,-160.2429758
-20.4597,-151.7730545
-19.8501,-144.3090821
-19.2786,-135.5827447
-18.6817,-127.8239519
-18.0594,-119.9775168
-17.4117,-111.4727671
-16.764,-104.1343254
-16.1163,-95.98767508
-15.4305,-88.454633
-14.7955,-81.62864114
-14.1351,-74.7407712
-13.4874,-68.68320059
-12.827,-62.78767465
-12.1793,-58.94966894
-11.5316,-52.61597975
-10.8839,-46.42631394
-10.2235,-40.64115048
-9.5504,-33.66916854
-8.8773,-27.06001898
-8.2423,-21.90441827
-7.5946,-16.49175963
-6.9469,-10.3009864
-6.3119,-5.264661857
-5.7023,-1.589052701
-5.1308,3.127254332
-4.5212,7.635499577
-3.8481,12.03089
-3.1623,16.68287849
-2.4765,21.15998461
-1.7907,24.24117925
-1.1049,28.34324059
-0.4064,32.25000509
0.3048,35.22181836
1.016,39.95839475
1.7399,44.22617171
2.4638,48.77639518
2.8956,51.98012957
3.8862,57.51116954
4.6228,62.32845693
5.3213,66.41280077
6.0071,71.07181497
6.7056,76.46075732
7.4168,79.16641619
8.128,84.55657715
8.8519,89.73501488
9.5758,94.38268796
10.2616,99.59011895
10.9347,105.4820469
11.5824,111.2703525
12.2555,115.9162154
12.9159,121.3435308
13.5763,126.7706683
14.2494,134.0148719
14.9352,139.874511
15.621,146.5768935
16.2941,152.8257288
16.9672,159.0835837
17.6276,165.6785324
18.2499,171.8768397
18.8976,178.4667316
19.5199,184.966148
20.1676,190.8136632
20.828,196.4238153
21.4884,204.9364415
22.1742,211.2114148
22.86,217.8564023
23.5585,223.7693268
24.2189,232.086939
24.8793,237.5003382
25.5524,243.2956175
26.162,249.1258008
26.8478,254.0543646
27.5209,259.0606441
27.5971,257.5531906
27.4701,252.1370518
26.9113,238.6516358
26.3525,226.3532398
25.7683,216.421065
25.1841,205.5983451
24.5618,196.5101724
23.9522,186.9166836
23.3172,177.3200371
22.6568,168.3952522
22.0091,160.3912243
21.3868,153.0982316
20.7772,143.3462028
20.1549,135.8293719
19.5326,127.6827171
18.9103,119.9056541
18.3007,111.852846
17.6403,105.1769928
17.018,96.91827887
16.3703,89.58392886
15.6718,82.13640776
14.986,75.90562482
14.3256,68.64551248
13.6652,63.97054509
13.2588,61.18777103
12.2936,54.2804077
11.6332,48.40820889
10.9855,41.96021005
10.2997,36.46715483
9.6139,29.65106666
8.9154,23.73481581
8.2296,18.77166376
7.5438,13.01714225
6.8961,7.774850871
6.2484,2.253837026
5.5753,-2.311077596
4.9403,-5.795053362
4.2926,-10.46564752
3.6195,-14.30126892
2.8956,-19.21297985
2.1717,-23.204628
1.4732,-27.20649473
0.762,-30.45810467
0.0635,-36.68922918
-0.635,-39.85422184
-1.3208,-43.86295684
-2.032,-47.30521555
-2.7432,-52.68726428
-3.4544,-56.96943291
-4.1402,-62.92039694
-4.8133,-66.20512031
-5.4737,-72.81208614
-6.1214,-76.37643272
-6.7691,-81.99085888
-7.4422,-86.18474464
-8.1026,-91.78800312
-8.8138,-96.98635676
-9.4869,-102.0372624
-10.1727,-107.5166313
-10.8204,-115.166149
-11.4554,-120.5971158
-12.0904,-125.3868642
-12.7254,-132.3724191
-13.3477,-138.3630681
-13.9954,-144.6192063
-14.6558,-150.8687755
-15.3289,-158.4922752
-16.0147,-165.2149873
-16.6878,-171.6536241
-17.3609,-178.6943502
-17.9832,-184.9834087
-18.6055,-191.7270373
-19.2151,-198.1539061
-19.8374,-204.3640704
-20.4597,-210.3614041
-21.1201,-216.8785616
-21.7551,-223.4036667
-22.4663,-230.5676641
-23.1775,-238.2388322
-23.8633,-243.8461424
-24.5364,-250.4016462
-25.1968,-257.0860919
-25.8699,-262.860041
-26.5303,-267.3271856
-27.1907,-273.5009294
-27.5971,-276.5442825
-28.0924,-277.1454155
-28.0924,-274.1637848
-27.5844,-259.16802
-27.0383,-245.0973042
-26.4414,-236.5096798
-25.8572,-225.0786219
-25.5143,-220.9023082
-25.5143,-220.3791977
-25.5016,-221.4780682
-25.3619,-217.2032958
-24.7523,-207.2099812
-24.13,-196.6249579
-23.495,-187.6083232
-22.8473,-177.9156285
-22.1361,-167.9784992
-21.5646,-160.3261885
-20.9423,-151.6998576
-20.3581,-143.1929553
-19.7358,-135.9023198
-19.1516,-127.7492072
-18.5674,-119.5144564
-17.9197,-112.4995703
-17.2847,-104.3934768
-16.6243,-96.58807424
-15.9258,-89.51507711
-15.2654,-83.08379642
-14.6177,-75.88511295
-13.9573,-70.47677505
-13.2842,-64.95601769
-12.6365,-59.46705107
-12.0015,-53.18863095
-11.3792,-48.20960133
-10.7061,-41.70640234
-10.033,-34.88635589
-9.3599,-29.50038136
-8.6868,-24.73244432
-8.0391,-18.03927259
-7.3533,-14.66358451
-6.7183,-9.794986316
-6.0833,-4.169368916
-5.4737,-1.516279637
-4.8768,2.815936093
-4.2164,6.462319348
-3.5306,9.91445684
-2.8321,14.28814435
-2.1336,16.71339145
-1.4351,19.3189869
-0.7366,23.1347938
0.127,24.82245371
0.2032,27.47851761
0.254,26.153405
0.2286,25.69940509
0.4445,28.65203096
0.889,32.22950256
0.2159,34.71205837
0.2413,36.37164344
0.6096,37.84828993
0.7112,38.72645459
1.8034,42.71185133
2.0447,46.85604473
3.0607,54.03011129
5.4991,67.71751047
7.3914,81.7675588
9.6647,96.56487163
11.6586,113.1393788
13.7033,131.6691626
15.1511,147.5648567
17.399,167.6493709
19.4818,187.0887218
21.4376,207.2275844
23.2918,226.53134
25.4762,244.8529763
27.2923,260.9994516
29.6926,270.2059323
31.4833,268.5298341
33.2994,264.2840638
34.3281,254.9972524
35.1663,254.3906401
36.7792,248.19968
37.719,240.8897468
39.3827,233.3799296
40.4114,225.522309
40.5257,219.1300462
40.6781,215.4734095
40.3352,214.3217383
39.497,185.1899995
37.5285,158.0535205
35.56,133.8512528
33.7058,110.8434458
31.3944,89.20630053
31.0134,79.57293103
29.718,71.84956709
28.829,63.19384259
27.0256,44.86729174
24.638,31.76867485
22.7711,17.94437495
20.3327,9.455902689
18.0848,0.688945236
15.8877,-6.526229478
14.478,-12.01385785
11.6713,-18.00352714
9.8171,-23.99947897
7.3025,-30.23676772
4.953,-36.52753409
3.3909,-43.33176657
0.9017,-52.16027555
-1.3589,-59.2533309
-3.4925,-67.89782991
-5.4737,-76.34584727
-8.3439,-87.57075909
-9.9568,-97.86685946
-12.319,-107.8764341
-14.4272,-119.4013787
-16.6624,-130.1317997
-18.4404,-141.6335106
-20.9931,-151.0755575
-23.0251,-158.8630678
-25.3238,-166.4235153
-27.5844,-172.5782371
-29.6291,-176.4504575
-32.0802,-179.5504361
-34.5059,-178.127454
-36.9189,-169.9123434
-39.3573,-161.6291459
-41.8211,-152.0904415
-43.561,-143.3694766
-43.3324,-137.7761182
-42.0497,-109.8897239
-39.7002,-85.48591786
-37.8968,-66.89022655
-36.2585,-59.02546769
-34.8361,-43.38856559
-32.5628,-29.87152434
-30.6832,-18.76748756
-28.5623,-8.574075071
-26.3779,-0.680509751
-24.5491,3.889886682
-22.8981,9.341587707
-20.3962,13.33345245
-18.0721,16.85387552
-15.5702,17.55095933
-13.0302,18.62406191
-11.0236,17.60137886
-8.5471,19.47238473
-6.0833,19.9633705
-4.1529,20.71905768
-1.7272,22.25409718
0.5842,25.05279285
2.9337,27.73594781
5.08,31.54629451
7.2263,35.17165635
9.8933,39.82223542
11.7221,44.25744476
14.1859,50.31825893
16.2814,56.58460853
18.415,63.26327696
20.8026,70.01135752
22.9108,76.16708445
25.1714,82.8883288
27.3558,88.5198467
29.0449,93.19573027
30.9118,98.5550923
33.0327,104.4596511
35.2425,108.0419523
37.2491,112.3633034
39.8526,113.8190991
40.4368,110.9955503
40.6273,110.3886578
39.5732,88.92299478
37.7063,66.72187533
35.4076,50.36596726
33.4518,38.37003683
31.4198,30.06307594
29.718,26.85000358
29.1338,20.94871857
26.7081,14.14718929
26.7208,14.85318366
24.2189,7.978700699
22.7838,2.512831941
20.1422,-2.001455144
18.3134,-5.382572643
16.3322,-8.454523158
13.8684,-10.25030002
11.5697,-11.10141365
9.0805,-11.65633089
7.0485,-12.09252256
4.5466,-12.65128867
2.2479,-12.10586151
0.2286,-11.61985472
-2.3368,-11.77444359
-4.6101,-12.91749512
-7.0358,-14.06452138
-9.5631,-15.83188672
-11.9634,-18.11006033
-13.8684,-20.8278582
-15.3162,-22.77710406
-17.5768,-26.90495512
-19.9263,-33.04006388
-22.0091,-37.50700213
-24.3332,-43.3292982
-26.7716,-49.51833602
-28.7909,-55.63496943
-30.8102,-63.70451343
-32.0802,-67.2573232
-35.3568,-76.0452185
-37.5031,-80.7153648
-40.3733,-84.81776993
-42.3291,-87.581144
-43.2562,-85.95017904
-42.3418,-66.2966543
-40.2209,-46.73062523
-38.3159,-32.00981385
-36.2077,-19.32683051
-34.1376,-8.797354693
-31.7881,-0.189233386
-30.6197,7.829257139
-27.5463,11.31543802
-26.1493,13.98918651
-24.0538,16.07645386
-21.5519,16.62376187
-19.431,17.47612258
-16.891,16.73709885
-14.6431,16.69884501
-12.4714,16.21315622
-9.9568,14.92796215
-7.5692,13.7778084
-5.1054,12.69549994
-3.1242,12.76708556
-0.4953,12.42913116
1.5113,12.78257309
3.8862,14.43566437
6.4135,14.33350173
8.9408,15.52021526
10.9855,17.4517694
13.3858,20.7700705
15.4686,23.59351829
17.7673,27.5534233
20.1676,32.07861534
22.4663,36.18628231
24.638,41.04113506
27.1018,46.55107521
29.0449,52.74172836
31.6484,61.34164563
33.7693,64.83768306
35.8013,69.80736404
37.465,73.89612869
39.7383,78.84751709
40.6781,76.78243166
40.7162,73.98361101
38.6588,50.21259077
36.8935,36.08241228
34.671,25.533496
32.512,15.71095564
30.3276,8.750375306
28.1051,2.744372438
25.4635,-1.996394334
23.8633,-5.533531467
21.0566,-7.884802411
19.1262,-9.9697913
16.8529,-11.02695138
14.5796,-11.98218632
12.4333,-11.83637414
9.9695,-12.57819668
7.7216,-11.88471357
6.0071,-11.63674899
2.9083,-10.21992537
0.4826,-9.705258893
-2.032,-8.315367999
-3.683,-7.640934867
-4.9911,-7.249193285
-5.5372,-7.422495015
-7.7597,-7.296829568
-10.2997,-7.824782954
-12.4206,-8.038425287
-14.8844,-9.45120435
-16.8402,-10.85073787
-18.288,-10.5656927
-18.4404,-9.27217424
-18.7071,-9.32086636
-20.1295,-13.24221243
-22.479,-16.08949482
-24.4348,-20.09131218
-26.9367,-24.57727149
-28.829,-29.6232769
-31.3563,-35.23720671
-33.7439,-40.79788839
-35.8648,-47.25185444
-38.0111,-52.20173515
-40.2463,-58.52876199
-42.3545,-63.87955369
-42.8879,-62.63702448
-42.5704,-48.45886592
-40.1828,-27.82309524
-38.354,-15.21825536
-36.2204,-3.415318907
-34.29,4.943603504
-32.004,10.81556882
-29.9212,14.75465508
-27.6606,17.30614625
-25.4635,18.6472534
-23.114,19.029802
-20.701,18.35285514
-18.415,18.19809815
-15.9131,16.84644909
-13.7922,16.52584927
-11.1506,14.97081648
-8.7757,13.66093299
-6.3246,12.10175691
-4.1529,10.80241889
-1.7907,10.59315423
-0.8763,9.936447059
0.4191,11.212711
2.6416,10.52555802
4.7371,9.071982926
7.1755,9.84790356
9.7155,11.04188297
11.7475,11.86046758
14.1097,13.14894969
16.9545,15.36566953
18.9357,17.81840262
21.0947,20.57734432
23.2791,24.65372134
25.7048,28.04765174
27.9019,32.9277525
29.2227,38.7465604
31.369,41.17238034
34.6456,48.24761411
36.9443,52.83549945
39.243,58.52376745
41.6052,61.80576894
44.0055,65.98137992
46.2407,67.47654047
48.3235,69.29414033
50.8254,69.96076721
53.2003,68.42384908
54.6862,65.73017623
54.4957,62.85524107
53.0098,40.61871952
51.0667,25.50817149
48.5521,14.03983198
47.1297,9.959109295
45.9486,1.801004184
43.7388,-5.795507452
41.6052,-10.50558207
38.9382,-13.88662005
36.9443,-16.85586044
34.9631,-19.18589635
32.4358,-18.68714659
30.5181,-22.5806691
27.94,-24.21969605
25.8064,-24.98172225
23.2791,-25.15320228
21.2471,-25.59005619
18.7198,-24.36480685
16.5735,-23.73322983
13.9954,-21.91979551
11.5697,-20.92486396
9.0678,-18.69890933
7.2517,-17.30363608
4.5974,-14.89949103
-2.3368,-9.454020062
-3.9751,-11.10739153
-6.731,-10.33080422
-8.8392,-9.995721115
-11.1252,-9.723652863
-13.5001,-10.07832275
-15.8496,-11.47309967
-18.1864,-12.28364943
-20.7137,-13.43584546
-21.844,-13.86798591
-24.9809,-16.93401369
-27.5463,-18.96700819
-29.6291,-23.29726898
-31.8643,-26.91586884
-34.3281,-31.40882095
-36.4109,-35.17475092
-38.6969,-40.10697371
-40.8559,-44.08551864
-43.2181,-47.92995587
-45.6819,-51.08031137
-47.752,-53.8296002
-50.038,-55.35236194
-52.3494,-57.25028809
-54.9275,-58.20393438
-57.277,-58.18712283
-57.4167,-54.23622623
-57.4421,-48.33899245
-55.2704,-23.93848818
-53.1749,-9.047519897
-50.9651,4.864459796
-48.8569,12.16560922
-46.7995,18.78966502
-44.5262,24.30748925
-42.3164,26.16499341
-40.3098,28.18774532
-38.2143,29.32422122
-35.6616,28.57066395
-33.6931,28.73764578
-31.1785,27.44756257
-28.6004,27.6194878
-26.2636,25.13224121
-24.1173,25.12626377
-21.9329,22.57562786
-19.304,23.11314604
-16.9291,20.17115992
-14.478,19.57694813
-12.3952,17.48017514
-9.7028,17.01328282
-7.3025,15.11850639
-5.0038,12.16556074
-2.667,11.78902739
-0.2921,9.35293239
2.3495,9.376576634
4.2799,7.26825527
6.4897,6.031019477
9.3218,6.137627831
11.4554,4.117129649
13.9192,5.050987057
16.1417,6.68322356
18.6055,5.33402907
20.9677,5.953210465
23.1902,5.639559867
25.3873,7.303690282
27.8892,8.116712851
30.2895,9.855813884
32.4358,11.59389333
34.798,12.99730151
37.1094,15.71121448
39.9161,17.32487422
41.5163,20.21656578
43.2181,20.5306767
46.101,24.29959049
48.5775,26.57698179
51.0921,28.66888832
52.9209,30.31325182
54.737,29.54914597
55.0164,27.08676002
53.4924,8.789640504
51.2699,-3.810331492
49.1363,-9.841328821
47.1043,-13.83228716
44.7675,-16.93108546
42.4688,-21.54405736
40.4114,-26.08414586
38.227,-28.24979906
35.6616,-31.28432609
33.3883,-32.26682954
31.2039,-31.95791998
28.6512,-32.36677331
26.3525,-31.7308711
24.2062,-30.44881029
21.8186,-29.5948974
19.5199,-28.11943572
17.145,-25.96095323
14.5542,-24.51864766
12.2428,-21.28101976
9.9187,-20.81908462
7.4041,-18.67671764
5.08,-16.26434783
2.921,-14.77741294
0.4953,-12.31337385
-2.0701,-10.7998518
-4.3434,-9.254574593
-6.6929,-7.294042765
-9.2964,-6.764086226
-11.5443,-4.70406827
-13.8049,-4.094593143
-16.256,-3.279717968
-18.0721,-2.719203279
-21.2217,-3.590740716
-23.368,-3.233130139
-25.5905,-3.385483521
-27.9273,-4.406897038
-30.1498,-5.639494934
-32.5628,-4.521398771
-34.671,-5.58122201
-37.211,-7.999284174
-39.4081,-11.55930156
-41.9354,-13.98496806
-43.8023,-16.78516298
-46.4312,-20.5970801
-48.8061,-23.45503203
-50.8889,-26.71967538
-53.213,-29.94464613
-54.9402,-31.71244555
-57.3786,-34.19217897
-58.2549,-28.08131264
-55.0418,-5.133044321
-53.3781,8.382529252
-51.1429,16.92668421
-48.7934,23.21298797
-47.3837,26.96871714
-44.577,29.47322714
-41.8846,29.859223
-39.7637,30.64982839
-37.5031,30.33463273
-35.2425,29.27920451
-32.8549,28.30492271
-30.5689,27.14050494
-28.3337,26.91493264
-25.5397,25.28429901
-23.5204,23.77508436
-20.955,23.09867521
-18.7452,21.7721812
-16.5227,20.26644983
-13.97,17.35357661
-11.4173,16.50516662
-9.0678,14.45381951
-6.5405,12.12819062
-4.3307,10.50808468
-0.7366,8.654199008
0.6604,7.0050878
2.6162,5.89765185
5.2832,4.324999928
7.3787,2.780435258
9.6012,1.17616935
12.3698,0.019614775
14.4272,-1.240336145
16.9418,-2.086200878
19.431,-2.697635261
21.5138,-2.318433228
24.0538,-3.084642257
26.416,-3.676354513
28.7401,-1.071674981
31.2039,-2.229505332
33.3883,-1.021850751
35.5727,-1.248719238
37.9984,0.840090365
40.3987,1.290423223
42.6593,2.16857476
45.0215,3.696779434
47.1043,5.853718556
49.7459,7.245705556
51.8668,7.864420408
54.4703,13.33727241
54.5211,7.535408145
54.0131,-1.25428137
51.2699,-10.41976978
49.6824,-17.32063487
47.498,-23.67979579
45.5549,-29.82687322
43.2816,-33.15604445
40.7543,-35.66753614
38.5191,-37.89900122
36.1823,-38.27051646
33.909,-37.74887452
31.3309,-37.58816189
29.3878,-36.66315349
27.0256,-35.00419863
24.4856,-34.43758135
22.098,-32.15480858
19.9009,-30.19653697
18.1356,-30.8376432
16.256,-27.53731801
13.1064,-24.51448569
10.2108,-23.29082678
8.0518,-20.41440615
5.5118,-18.99793789
3.1369,-15.82128522
0.7239,-13.91726688
-1.5113,-12.85315714
-3.8989,-10.59537843
-6.2992,-7.406810906
-8.5217,-6.344215541
-11.303,-5.370391385
-13.6652,-4.802244164
-16.1163,-2.978746037
-18.2626,-2.067109673
-20.701,-0.948483635
-22.9997,0.13244941
-25.1968,0.156591623
-27.6352,1.122226734
-30.099,0.521559081
-32.2072,0.339669647
-34.5694,0.449454076
-36.9697,-1.322403328
-39.0144,-1.187291791
-41.6052,-3.745596528
-43.5737,-5.442475131
-46.3296,-7.665673196
-48.5394,-10.6919421
-50.927,-13.02497207
-53.1368,-16.33434704
-55.499,-18.45991714
-57.0611,-18.66499359
-56.9595,-16.57542155
-55.9943,-1.841150343
-53.594,12.64989972
-52.0319,21.97558317
-49.8856,26.62963396
-47.4853,30.37369824
-45.3009,31.29844779
-42.8752,31.39064357
-40.6273,30.4303496
-38.227,30.89521209
-35.8648,29.85384375
-33.7058,29.46576291
-31.2166,28.64508219
-28.7147,27.2125073
-26.4922,26.30586486
-24.3713,24.08766801
-21.8948,22.63002879
-19.6342,22.24160326
-17.1323,19.36806017
-14.7447,18.30627069
-12.446,14.69112966
-9.9822,13.24317976
-7.5311,11.99117204
-4.9911,9.188106261
-2.8321,7.697668956
-1.3081,6.257914027
-0.7493,2.71619072
1.4986,0.815600073
4.0513,-0.964246998
5.4737,-1.97389879
7.9502,-2.973061242
10.3759,-4.692482532
11.7475,-5.302497629
14.9479,-7.033113277
16.9164,-8.144109896
18.5293,-8.404732951
20.8026,-8.569074747
22.9489,-9.098384175
25.4127,-9.54809714
28.0797,-9.902494399
30.0228,-9.580808058
32.4739,-9.948377922
34.7218,-8.712832179
37.1729,-8.112550436
39.4716,-8.229233711
41.8338,-7.578298501
44.069,-5.612997618
46.3677,-4.830325234
49.0855,-6.795896525
51.1937,-5.940358524
53.467,-4.874701499
55.8165,-4.594749164
58.1787,-5.751779187
60.4647,-4.985056427
62.9158,-6.023886132
65.3923,-8.70229961
67.0306,-11.45764372
67.0306,-12.7215227
66.7766,-21.75974955
64.6303,-33.72164415
62.3062,-41.82567273
60.452,-49.18424427
58.2422,-54.52015019
56.134,-57.12121274
53.6321,-59.36840552
51.1683,-61.05270935
48.9331,-61.95118885
46.6344,-60.99072009
44.3611,-60.82143935
42.1132,-60.72727243
39.5986,-58.83093848
37.0459,-57.66607152
34.8869,-55.91552218
32.3596,-55.44727604
30.0609,-52.60383807
27.6352,-51.17947727
24.892,-49.41140923
22.9743,-47.56555441
20.6375,-44.61339731
18.3388,-42.9653148
16.0147,-41.30923125
13.5509,-39.00858709
11.0617,-36.90030753
8.7503,-35.78663752
6.3373,-33.15395635
3.9624,-30.7181709
1.3716,-28.63892284
-0.7112,-27.28383542
-3.1242,-25.76342374
-5.3975,-23.37882679
-8.1153,-21.14138516
-10.2235,-20.42812046
-12.7381,-17.64399124
-14.2113,-16.60462473
-17.5768,-14.60720933
-20.0406,-13.886874
-22.2885,-11.79342552
-24.8285,-9.850321666
-27.0002,-8.142436301
-29.3751,-7.689225822
-31.7373,-6.383452275
-32.8422,-4.852128658
-32.8295,-4.05584172
-34.0233,-5.94514181
-36.4744,-5.824361053
-38.5191,-4.334838999
-40.9829,-4.570509845
-43.2181,-4.42037025
-45.8851,-4.946356061
-48.0314,-5.129020668
-50.4825,-5.177429482
-52.6669,-6.208717561
-55.1307,-7.457402998
-57.6707,-7.642194399
-59.9821,-8.168588491
-62.0649,-8.482141244
-64.3382,-6.992194053
-66.5988,-6.647941097
-69.1515,-6.56692099
-71.6026,-6.047147002
-72.8091,12.0387047
-73.1012,14.01799119
-70.104,29.61964863
-68.7832,36.12927381
-66.4718,39.88908846
-64.2366,41.30140988
-61.8236,42.30289526
-59.6646,45.3045566
-57.0865,43.89376734
-54.737,43.14852512
-52.4129,42.44249828
-49.9872,42.46532419
-47.6758,41.64593991
-45.4406,39.48334259
-42.8879,38.56050191
-40.5003,37.92192675
-38.3159,35.69240612
-36.0934,34.05470897
-33.6423,32.5907552
-31.1785,31.16914429
-28.7274,29.02309611
-26.6827,27.22679134
-24.0665,26.07753243
-21.9202,24.50504097
-19.3929,22.47335404
-16.9164,19.70212168
-14.6558,18.7118609
-12.1031,16.27692536
-9.7409,13.76062993
-7.3279,12.05170919
-4.8768,10.03994038
-2.5527,6.801254873
0.127,5.422778043
2.1971,4.075962077
4.4196,1.635477218
7.2009,-4.16478679
9.4742,-6.444656102
11.9761,-7.758589922
14.3002,-10.33080688
16.6497,-12.08560937
19.0373,-13.54664692
21.3868,-14.8226916
23.9014,-17.72480321
26.416,-19.26757291
28.5242,-20.06629188
30.9372,-21.78284364
33.2994,-23.14460232
35.7632,-25.1983444
38.2651,-27.63432243
40.7797,-30.32688608
43.0403,-32.64971659
45.3771,-34.57042061
47.625,-35.70156263
50.2031,-38.48648795
52.6161,-40.63107868
54.9656,-52.22902946
